,country,Year,co2_including_luc,Cereal,Citrus Fruits,Fibre,Fruit,Vegetables,Sugar Crops,"Oilcrops, Cake","Oilcrops, Oil",Pulses,Roots and Tubers,Treenuts
0,Spain,1961,71.444,7501313.0,1963100.0,125501.0,8056170.0,5135084.0,4668000.0,123085.0,454410.81,705227.0,5033925.0,337261.0
1,Spain,1962,70.795,9274378.0,1411000.0,135918.0,7842627.0,5088416.0,3843000.0,131119.0,408366.28,755270.0,4263018.0,237906.0
2,Spain,1963,60.3,9418967.0,2087300.0,113091.0,9093705.0,5315694.0,3048000.0,112455.0,728444.63,750300.0,5184266.0,269686.0
3,Spain,1964,67.304,8306768.0,1915200.0,85473.0,10275272.0,5417800.0,3670000.0,94265.0,163003.84,625320.0,4342199.0,274529.0
4,Spain,1965,62.89,8872202.0,2021300.0,89752.0,9368335.0,5263390.0,4099000.0,100359.0,402577.22,529389.0,4146900.0,279338.0
5,Spain,1966,95.02,9233004.0,2312504.0,95808.0,10095255.0,5198533.0,4431000.0,124208.0,515888.0,718400.0,4477400.0,263001.0
6,Spain,1967,87.235,10671297.0,2146643.0,70730.0,8501896.0,5385843.0,4707000.0,112474.0,352406.29,719086.0,4534870.0,307565.0
7,Spain,1968,131.445,11583861.0,1899497.0,80907.5,8791647.0,5452782.0,4949870.0,116649.0,552285.64,691908.0,4588262.0,269569.0
8,Spain,1969,102.972,11452764.0,2600249.0,63690.0,9530655.0,5437062.0,5438000.0,89457.0,426704.59,641533.0,4831400.0,220069.0
9,Spain,1970,170.017,10258842.0,2074605.0,56328.0,9192325.0,5693578.0,5825000.0,135441.0,548048.75,574500.0,5346400.0,281410.0
10,Spain,1971,149.574,13686715.0,2328313.0,43688.0,9764306.0,5870564.0,6855000.0,157153.0,494399.87,566100.0,4914700.0,247476.0
11,Spain,1972,151.337,12076709.0,3037558.0,62278.0,11233373.0,5994199.0,5554500.0,180891.0,630680.47,574829.0,5324500.0,339440.0
12,Spain,1973,154.677,11641386.0,2949538.0,48909.0,13711062.0,6398861.0,5833300.0,208948.0,641208.85,522015.0,5627130.0,314735.0
13,Spain,1974,168.834,13275231.0,2741033.0,58327.0,12894455.0,6866900.0,4310000.0,232441.0,510582.62,538775.0,5741241.0,402215.0
14,Spain,1975,171.992,14206900.0,2928000.0,55973.0,12406227.0,6816491.0,6610000.0,273442.0,717211.07,492400.0,5382582.0,315576.0
15,Spain,1976,187.478,12771144.0,2709959.0,44037.0,11447389.0,6507999.0,10447000.0,209762.0,622951.8,400800.0,5709167.0,397456.0
16,Spain,1977,184.298,13949322.0,2853321.0,49878.0,9723832.0,7357998.0,8612000.0,248798.0,609546.28,401800.0,5934170.0,220744.0
17,Spain,1978,188.002,16339367.0,2818023.0,35108.0,11799091.0,7282709.0,8578000.0,283393.0,828098.4,470690.0,5415421.0,352058.0
18,Spain,1979,190.686,13884855.0,2951678.0,45293.0,15093334.0,7186355.0,5441000.0,308379.0,739622.83,416936.0,5690635.0,287390.0
19,Spain,1980,202.345,18665639.0,2962287.0,66647.0,14007653.0,7189490.0,7259000.0,410992.0,807090.26,429767.0,5791280.0,295166.0
20,Spain,1981,195.341,11576278.0,2644072.0,72611.0,12685036.0,7287947.0,8178000.0,258332.0,516687.23,247489.0,5529160.0,370255.0
21,Spain,1982,198.819,13147918.0,3024241.0,56787.0,13543745.0,7523615.0,9359000.0,433536.0,1076468.46,290597.0,5283585.0,372505.0
22,Spain,1983,193.437,13758534.0,3873960.0,42610.0,13692640.0,7424017.0,9858000.0,410456.0,623047.63,275855.0,5210391.0,238885.0
23,Spain,1984,185.113,21032473.0,2519554.0,58933.0,12900213.0,7959376.0,8336000.0,592109.0,1255685.99,336145.0,6028557.0,293976.0
24,Spain,1985,188.917,20972014.0,3513910.0,73316.55,13857114.0,8118120.0,6882000.0,520318.0,846876.27,338284.0,5975258.0,362400.0
25,Spain,1986,177.848,16519723.0,3880253.0,98230.0,14316081.0,8113764.0,7970000.0,511225.0,955799.04,313300.0,5175892.0,283963.0
26,Spain,1987,178.549,20697404.0,4503771.0,90741.0,15969080.0,8268555.0,8148469.0,572384.0,1301406.67,332021.0,5603429.0,326780.0
27,Spain,1988,186.919,23833792.0,4263893.0,122294.0,12861074.0,8874108.0,9118927.0,667789.0,1000697.9,295661.0,4574216.0,239339.0
28,Spain,1989,212.181,19697663.0,4790913.0,67167.0,14933758.0,9409714.0,7509961.0,533831.0,1061994.56,249172.0,5407219.0,389089.0
29,Spain,1990,216.851,18775895.8,4830697.0,91557.0,15980121.74,9746959.0,7532100.0,753611.0,1326006.67,249822.0,5373467.0,307612.02
30,Spain,1991,223.756,19472661.44,4584662.0,91729.3,14257652.46,8991913.0,6844087.0,586564.0,1112515.68,215255.0,5221580.0,310722.47
31,Spain,1992,225.194,14495661.07,5239661.0,80548.05,16558242.75,9010511.0,7401018.0,733832.0,1282964.76,153752.0,5215961.0,345955.46
32,Spain,1993,215.71,17495716.71,4972818.0,35785.45,14532001.34,8749635.0,9381398.0,656775.0,1171602.73,157447.0,3860490.0,331676.01
33,Spain,1994,206.922,15249059.34,5184527.0,51980.0,13402425.47,9111046.0,8498119.0,544581.0,1054176.46,254123.0,3895983.0,295511.88
34,Spain,1995,261.774,11593292.98,4915949.0,53198.0,13052688.64,8739513.0,7539075.0,347743.0,646779.53,219917.0,3941811.0,199133.75
35,Spain,1996,237.858,22385972.61,4442926.0,124995.0,14725421.51,9592491.0,8287125.0,720766.0,1550520.24,485600.0,3885692.0,280776.05
36,Spain,1997,230.739,19344464.25,5789418.0,167008.0,16929170.04,9886016.0,8604861.0,792564.0,1899052.57,380014.0,3283623.0,435174.64
37,Spain,1998,248.782,22579121.88,5130190.0,215949.0,15665069.03,10062500.0,8976725.0,739271.0,1503823.32,361200.0,3156923.0,263714.53
38,Spain,1999,275.158,18010899.04,5627935.0,239637.0,17345244.05,10612042.0,8372000.0,484755.0,1096447.72,255100.0,3395882.0,333790.55
39,Spain,2000,279.862,24581638.63,5366824.0,120179.0,17781530.3,10461022.24,8035878.0,572127.0,1520387.18,388764.0,3098573.0,278651.47
40,Spain,2001,284.642,18078871.22,5716657.0,114948.9,16757805.86,10628178.1,6840948.0,547898.0,1897504.17,309870.0,3025939.0,313332.42
41,Spain,2002,316.256,21742197.89,6013947.0,110925.75,17767205.04,11030745.94,8275893.0,470509.0,1323940.0,489098.0,3109135.0,337585.36
42,Spain,2003,321.936,21445314.48,6277782.0,105469.6,19725310.8,10985069.75,6448491.0,460436.0,2008581.42,521655.0,2683137.0,258874.31
43,Spain,2004,334.354,24842578.0,6077002.0,126049.45,18798873.81,11480228.56,7241752.0,510144.0,1523081.4,596385.0,2805221.88,137013.28
44,Spain,2005,345.367,14241390.0,5323964.0,122162.05,17389201.9,11584826.0,7334497.0,300747.0,1082055.71,303350.34,2595018.0,262802.2
45,Spain,2006,333.601,19088631.0,6845578.0,50816.65,19262885.91,11056490.0,5843456.0,370393.0,1543227.72,346389.0,2549282.0,362647.69
46,Spain,2007,343.312,24538959.0,5288452.0,44529.75,17105911.68,11105561.19,4910480.0,414065.0,1682504.09,305791.0,2511847.0,229010.23
47,Spain,2008,311.747,23995338.0,6374595.0,19529.85,18007884.34,10846649.0,3987500.0,448157.0,1602044.72,247380.0,2178070.95,232793.03
48,Spain,2009,273.63,17894933.0,5291819.0,27749.0,16462295.41,11498766.98,4225580.29,463421.0,1916742.19,285879.0,2752155.0,316641.74
49,Spain,2010,254.062,19880012.93,6092427.0,40302.8,17914733.71,11007111.0,3534737.0,482799.0,1977360.26,444110.0,2355659.0,276621.87
50,Spain,2011,295.985,22097143.0,5736197.0,63974.35,17335465.68,11054557.0,4188635.0,618327.0,2215969.54,449017.0,2481823.0,264813.0
51,Spain,2012,262.239,17547278.0,5559874.0,66766.0,16414965.84,11235378.0,3460515.0,403437.0,1155921.63,296631.0,2219718.0,265964.0
52,Spain,2013,237.062,25366791.0,6373160.0,50904.6,19605778.67,11081117.0,2469090.0,605674.0,2526111.88,387129.32,2227603.0,203289.0
53,Spain,2014,238.21,20581146.05,7048877.0,79260.0,19347597.61,12574291.6,3723567.33,593642.0,1463586.68,416323.11,2578842.57,248602.0
54,Spain,2015,249.348,20149310.35,7635559.37,67691.0,19718150.19,12513474.75,3605423.11,525006.0,1707799.42,501751.01,2322259.22,260790.93
55,Spain,2016,239.523,24056790.0,7085819.0,58345.0,19466863.15,13136700.0,3014838.0,562590.0,1984698.44,647720.0,2305549.0,249824.73
56,Spain,2017,255.303,16653669.0,6330530.0,70340.33,18484972.4,13146752.0,3293850.0,564608.0,1872551.55,476139.0,2310131.0,309211.36
57,Spain,2018,249.668,25348920.0,6778000.0,65308.19,20000020.0,12455120.0,2870910.0,570304.0,1910949.59,690650.0,2010930.0,555290.0
58,Spain,2019,231.262,20589030.0,6010040.0,68188.9,18317650.0,13259340.0,2752710.0,563230.0,1787917.14,403010.0,2259320.0,572410.0
59,Spain,2020,193.952,27320900.0,6696400.0,65974.68,19471070.0,12668790.0,2432840.0,557147.6,1852783.23,571680.0,2051830.0,642560.0
60,Spain,2021,210.31,25510560.0,6711940.0,65631.42,19031150.0,13535730.0,2506290.0,563575.92,1881779.99,444560.0,2081110.0,596290.0
61,Spain,2022,225.618,19292230.0,5558090.0,67088.7,16542670.0,11833890.0,2001040.0,563773.1,1861196.3,338460.0,1881920.0,464560.0
